0000000000000000000000000000000000000000000000000
0000000000000000000000000000000000000000000000000
0000000000000000000000000000000000000000000000000
000000004000bbbb00bbbb000000000000000000000000000
000000004000b00b00b000000000000000000000000000000
000000004000b00b00b00b000000000000000000000000000
000000004000bbbb00bbbb000000000000000000000000000
0000000044444444444444444444444444000000000000000
0000000000000000000000555550555500000000000000000
0000000000000000000000500050500000000000000000000
0000000000000000000000500050555500000000000000000
0000000000000000000000500050000500000000000000000
0000000000000000000000555550555500000000000000000
0000000000000000000000000000000000000000000000000
0000000000000000000000000000000000000000000000000
0000000000000000000000000000000000000000000000000
0000000000000000000000000000000000000000000000000
0000000000000000000000000000000000000000000000000